Discovered latent SINDy equations
model_order: 1
latent_dim: 6
pca_selected_dim: 6
feature variables: ['z1', 'z2', 'z3', 'z4', 'z5', 'z6', 'u']
normalize_forcing: True
forcing_mixed_terms: False
Note: if normalize_forcing=True, forcing terms use the train-set normalized forcing coordinate.

dz1 = 2.5880437*z3 + 1.3787928*z4 + 3.1952016*z1*z1 + 2.2892995*z1*z6 - 1.3972479*z3*z3 - 1.9224234*z3*z4
dz2 = -3.3718495*z4 + 1.3921502*z1*z4 + 2.8419855*z3*z4 - 1.4739087*z4*z5 + 1.3289336*z4*z6
dz3 = -4.4899597*z5 + 4.601594*z1*z3 + 1.6780608*z1*z4 - 2.8375442*z2*z5 + 2.8282716*z3*z6 + 1.4099602*z4*z6 - 4.8423867*z5*z5
dz4 = 5.4554777*z2 - 4.2780151*z4 - 5.1271782*z1*z2 + 3.5245945*z1*z4 - 1.7597616*z1*z6 + 7.8172364*z2*z2 - 2.8755836*z2*z3 - 4.8638501*z2*z4 + 0.94221163*z2*z5 - 2.3988459*z3*z6 - 1.7069027*z5*z5 + 3.3156383*z5*z6 - 3.3573642*z6*z6
dz5 = -2.200947*z1 - 3.7082584*z6 + 1.1312827*z1*z6 - 2.2012236*z2*z6 - 6.1737738*z3*z3 - 4.853261*z3*z4 + 2.7168405*z3*z5 + 3.7521701*z4*z5 + 2.4209988*z6*z6 - 0.9444803*u
dz6 = -3.0102196*z4 - 2.163636*z1*z3 - 1.5686337*z3*z3 - 1.2948953*z4*z5 + 2.3881004*z4*z6 - 4.0379357*z5*z6